25192
25162
25133
25175
25135
25122
25102
25115
25097
25091
25127
25107
25108
25096
25118
25113
25120
25079
25070
25073
25034
25000
24992
24984
25003
24971
24977
24969
24992
25009
25016
25019
25020
25008
24998
24982
24940
24893
24898
24865
24874
24870
24876
24904
24859
24832
24855
24836
24879
24863
24842
24851
24846
24803
24768
24774
24823
24818
24842
24813
24792
24771
24763
24795
24801
24796
24818
24853
24839
24833
24874
24894
24897
24905
24908
24908
24882
24896
24899
24893
24880
24893
24909
24932
24916
24945
24989
25013
24985
25003
25036
25012
25052
25018
25006
24995
24983
24978
24977
25013
25008
25035
25081
25097
25149
25127
25130
25122
25113
25140
25141
25143
25168
25145
25138
25148
25145
25146
25177
25210
25231
25184
25182
25174
25150
25185
25231
25209
25217
25198
25192
25194
25170
25132
25174
25147
25130
25103
25115
25093
25080
25122
25104
25107
25104
25112
25118
25114
25068
25065
25077
25033
25006
24994
24979
25004
24969
24987
24966
24990
25005
25012
25011
25018
25008
25003
24993
24942
24895
24895
24857
24885
24878
24875
24905
24862
24835
24860
24835
24863
24863
24839
24841
24859
24801
24765
24762
24824
24813
24844
24814
24800
24769
24772
24798
24809
24796
24820
24857
24850
24827
24874
24890
24905
24902
24905
24905
24882
24894
24890
24892
24884
24901
24898
24934
24917
24937
24986
25021
24990
25017
25021
25011
25052
25008
25007
24993
24980
24975
24984
25015
25005
25038
25074
25104
25145
25139
25125
25128
25109
25139
25137
25148
25161
25140
25135
25146
25141
25146
25164
25205
25233
25185
25178
25169
25148
25188
25220
25217
25222
25203
25199
25196
25170
25129
25169
25149
25132
25100
25108
25089
25073
25113
25105
25109
25103
25118
25113
25109
25072
25054
25077
25040
24995
24994
24981
24994
24972
24990
24970
24993
25004
25007
25012
25027
25009
25004
24998
24955
24895
24898
24850
24886
24873
24877
24914
24866
24841
24863
24835
24862
24861
24836
24851
24858
24807
24772
24758
24823
24815
24843
24834
24809
24763
24788
24795
24806
24802
24818
24855
24855
24837
24869
24893
24900
24908
24912
24904
24876
24900
24892
24892
24883
24897
24891
24936
24913
24929
24973
25032
24995
25017
25012
25018
25050
25003
25001
24986
24976
24974
24984
25006
25009
25037
25073
25096
25135
25142
25120
25124
25115
25134
25131
25156
25159
25143
25130
25140
25146
25146
25160
25201
25233
25197
25185
25162
25146
25189
25218
25214
25217
25202
25205
25202
25171
25130
25167
25161
25131
25096
25111
25092
25078
25105
25112
25114
25105
25119
25113
25107
25071
25055
25078
25041
24995
25005
24986
24994
24973
24991
24965
24989
25005
25010
25004
25029
25014
25007
25000
24958
24901
24890
24845
24882
24870
24879
24898
24865
24855
24861
24843
24867
24862
24833
24855
24865
24814
24771
24763
24819
24816
24840
24838
24815
24765
24780
24790
24813
24813
24815
24854
24860
24834
24871
24893
24894
24901
24907
24906
24883
24899
24883
24889
24876
24889
24882
24931
24911
24924
24971
25029
24997
25021
25009
25018
25038
25015
25003
24979
24981
24976
24979
24995
25006
25033
25064
25095
25131
25147
25122
25123
25119
25128
25130
25160
25166
25153
25118
25134
25152
25149
25157
25202
25227
25203
25187
25163
25152
25198
25208
25207
25225
25199
25208
25209
25182
25132
25164
25159
25124
25099
25114
25095
25085
25100
25121
25118
25101
25121
25116
25105
25076
25062
25078
25043
24990
25006
24989
24991
24972
24984
24965
24986
25001
24996
25000
25024
25027
25001
25003
24955
24914
24890
24850
24879
24867
24884
24891
24851
24858
24866
24837
24869
24855
24833
24852
24865
24818
24785
24761
24816
24818
24837
24842
24811
24765
24778
24796
24810
24810
24810
24849
24865
24834
24861
24894
24890
24902
24903
24910
24885
24890
24891
24887
24885
24885
24880
24921
24924
24924
24972
25014
24998
25017
25012
25025
25029
25022
25011
24988
24982
24988
24981
24995
25008
25028
25071
25102
25116
25154
25130
25117
25122
25120
25137
25161
25165
25150
25126
25136
25151
25146
25156
25196
25230
25214
25186
25164
25150
25188
25213
25215
25224
25208
25201
25211
25188
25140
25156
25162
25122
25105
25103
25093
25082
25103
25124
25107
25098
25109
25114
25097
25080
25070
25078
25045
24993
24999
25000
24989
24968
24998
24960
24984
24996
25000
24998
25025
25016
24998
24999
24966
24909
24896
24857
24876
24871
24879
24885
24863
24847
24863
24838
24862
24864
24835
24851
24863
24818
24783
24764
24812
24820
24840
24849
24805
24764
24782
24798
24814
24806
24806
24840
24864
24829
24864
24885
24894
24890
24904
24904
24877
24890
24887
24900
24889
24888
24880
24924
24925
24929
24967
25013
25006
25014
25006
25028
25031
25032
25003
24997
24980
24971
24988
24990
25010
25028
25066
25107
25108
25151
25129
25129
25125
25113
25141
25158
25162
25152
25127
25144
25164
25161
25156
25194
25234
25219
25180
25177
25154
25188
25211
25221
25230
25204
25193
25205
25191
25143
25165
25162
25127
25110
25102
25105
25086
25094
25122
25109
25101
25120
25119
25109
25080
25069
25079
25045
24998
24996
25008
24987
24968
24987
24951
24974
24986
25009
25005
25028
25018
24987
24987
24959
24913
24905
24858
24878
24873
24875
24880
24864
24857
24857
24834
24860
24867
24844
24854
24861
24813
24789
24764
24807
24820
24825
24853
24812
24761
24780
24794
24799
24814
24813
24842
24859
24824
24868
24883
24892
24889
24904
24908
24884
24894
24890
24907
24885
24886
24881
24919
24933
24930
24966
25007
25005
25016
24996
25028
25028
25037
25009
24990
24983
24980
24982
24990
25006
25017
25059
25107
25104
25140
25129
25129
25129
25096
25140
25168
25158
25157
